11011110
11111111
00000001
00000011
01001001
11110110
00101100
11111111
00001100
11000111
00000000
00000000
00000000
00000000
10000000
00101000
00000000
11000000
01111100
01110000
00000000
00000000
00000000
00000000
00000000
00000000
00000000
00000000
00000000
00000000
00000000
00000000
00000000
00000000
00000000
00000000
00000000
00000000
00000000
00000000
00000000
00000000
00000000
00000000
00000000
00000000
00000000
00000000
00000000
00000000
00000000
00000000
00000000
00000000
00000000
00000000
00000000
00000000
10000000
00100100
10010001
10100100
01101101
00100011
11001001
10110110
10110101
11101101
11111111
11111111
00010011
00000100
00010000
11110000
00010010
00000000
00000000
00000000
11111011
11111111
01001110
