11011100
11111111
11110110
00000000
00000000
00000000
00100101
11000000
00100000
00001000
00001011
11111111
11111110
11111011
11111111
11101110
11111010
11001010
11100011
01001101
10100010
01010001
00000000
00000000
00000000
00000000
00000000
00000000
00000000
00000000
00000000
00000000
00000000
00000000
00000000
00000000
00000000
00000000
00000000
00000000
00000000
00000000
00000000
00000000
00000000
00000000
00000000
00000000
00000000
00000000
00000000
00000000
00000000
00000000
00000000
00000000
00000000
00000000
00000000
00000000
00000000
11100000
11111111
01110000
00000000
01010001
00000100
11110000
11110000
11110000
00011111
11111111
11111111
11111111
11010101
11001010
10000000
00000110
00000011
11111111
10100010
