10011100
11111111
11110110
00000000
00000000
00000000
00100101
11000100
00100000
00001000
00111111
11111111
11111111
11011011
01101011
01101101
10010010
01000110
11011011
01001001
00100010
01001001
00000000
00000000
00000000
00000000
00000000
00000000
00000000
00000000
00000000
00000000
00000000
00000000
00000000
00000000
00000000
00000000
00000000
00000000
00000000
00000000
00000000
00000000
00000000
00000000
00000000
00000000
00000000
00000000
00000000
00000000
00000000
00000000
00000000
00000000
00000000
00000000
00000000
00000000
00000000
11100000
11111111
01110000
00000000
01010001
00100100
11110000
11110000
11110000
00000000
00001000
00000001
10011111
11010101
11011111
00010000
00000110
00000011
11111111
10011100
